13.9338877411
9.74507432556
12.2304676208
9.52266426086
8.53108708954
10.8972402344
30.4178238525
10.9474612579
9.13551445007
10.707030426
11.0227034531
12.5584181061
11.2197270508
10.2267966309
11.7713703613
11.2878542786
7.02166789246
10.8504479599
9.37622874451
10.9306529083
7.57686419678
10.9907357635
11.3890846558
11.0886430511
11.5347241516
11.1763951416
18.4852095642
10.472235611
6.97184333801
10.6488601074
21.7727662201
11.4318578491
6.91322375488
10.5580102386
35.51617276
11.0728166962
178.939147705
5527.50035156
2444.95962109
2875.61548828
1270.18043945
1218.09002539
1251.38199414
1238.48794727
1167.43005762
1251.97389258
1284.12108887
1269.07172949
2935.64569141
6652.92691016
4512.17884375
1559.43830371
1186.87021094
1244.83971289
1317.31466602
1807.9855957
1164.87707617
1239.56748633
1226.22360938
1249.90241309
4290.14902344
3319.18742187
1312.50019727
4285.64479297
1169.41719629
1226.09251367
1656.86410059
1365.11037891
1356.0332207
1265.85647461
7369.77849219
2819.33834375
392.622574707
402.505244141
612.765432129
402.80626416
66.1926680908
239.500486816
1378.63805566
194.024568726
185.318018555
191.143829224
629.91320752
259.732559937
397.143882324
407.140339355
585.914720215
398.036640625
1336.5214707
176.564480347
668.570658203
834.79203125
162.010278503
200.879609314
4472.10396094
3286.57900391
402.078632813
394.567342041
386.849762207
402.534780273
72.927901001
185.458270569
4521.21237695
208.108259277
144.689043823
176.97982959
835022.393
209.335190491
64.9351148987
100.780967407
130.190780029
203.644807129
47.3480293274
76.1789045715
63.8565966797
79.9833206177
73.0078871155
87.9014489746
77.7047570801
732.234990234
48.083144989
92.0618978882
197.492271729
121.486708984
43.3752661133
75.6141259766
115.306842041
856.817387695
32.5955480957
74.6347988892
69.7590206909
13483.558125
73.8044723511
66.7948153687
98.1378726196
187.057313232
31.1283485413
74.9752993774
8578.8109375
68779.7175
33.3775537109
73.4974938965
8984.26535156
75501.800625
878.943491699
1408.1389375
1114.4920293
191.934643555
1223.20366016
232.273591797
1074.56149121
37.69202565
61.7634707642
37.6725233917
37.6725263519
37.6725282288
63.3646440125
62.6953083801
63.6812954712
102.650646667
118.739201965
99.6195825195
63.3618777466
67.409980011
63.4575318909
38.1801973724
54.5295962524
73.5228909302
70.2900540161
135.227269897
