8.86815864858
7.93747652903
6.78326833245
7.31860841484
17.8115643695
18.3228524976
11.919503482
18.3110796234
18.5744477511
20.1708794758
19.5910283419
20.9094959707
6.76589585265
7.5006326589
9.1660973946
6.81172990371
14.4042476994
20.8534984181
19.8814731693
18.9302082612
15.8884516823
18.3679753491
16.5223665833
19.7485059959
6.81678080105
6.76702081668
9.85609462412
6.88127134175
13.8898560874
21.9675737855
55.8772981876
20.920092306
13.6809893661
21.7598569116
88.4562069434
19.8940365565
251.078736321
5881.71183788
2685.67969675
3135.41726992
1324.26417211
1308.60625211
1410.62489594
1317.93958253
1384.76910436
1357.83631503
1311.16241665
1331.53968256
3197.98885509
7039.97109209
4833.73566118
1754.56876143
1355.77691103
1316.5182985
1505.06770223
1516.17432015
1465.66274979
1332.32644967
1342.97716132
1400.2759816
4604.08488864
3597.18175746
1492.6442094
4599.42400679
1586.54010156
1321.24030609
1762.7822961
1588.44188559
1708.81856822
1299.44548249
5044.082576
3286.32434119
205.767905527
204.371203613
237.801875737
204.336077996
49.4151049128
163.042774532
641.965738779
301.060813817
224.827751131
305.914284299
1011.54330226
447.482273778
205.06895798
203.875897159
229.43780126
204.943113565
611.354940623
220.489752989
1231.40716092
357.404898705
237.858129235
182.80779655
5624.58190964
4090.85439822
204.421723391
205.454497082
206.818501714
204.367733189
122.66320582
266.009780337
63205.2617031
281.2409729
85.0699640958
240.740544733
856243.275
111.902287825
92.3488060072
123.202406615
147.705229616
212.36796889
87.2289413751
121.673294666
100.155203975
220.422308928
276.193783529
125.874129027
110.299690147
4191.74309066
71.2726973365
116.28607533
206.84565296
140.317451028
78.4205055486
193.503009472
230.677122627
1013.57342609
87.0803320891
177.540048736
147.199914471
38378.6088644
103.006992602
99.0736619787
121.081937092
197.513328178
78.0128217959
191.445719102
191805981.173
111284.168633
75.1113455529
176.618263693
30109.9568972
114432.58558
1028.70710056
1594.2460172
1281.53267392
266.498592959
1397.57460894
313.773823309
1238.81733313
56.5715343289
102.26548478
55.9243962753
55.9282390408
55.9072897579
98.303294936
92.6302967196
98.2652219137
124.713170008
138.005332523
122.268371258
98.3040984908
99.3483672298
98.2870493621
67.4390921749
86.9835224775
102.683801227
100.858170304
152.018519383
11.712720187
7.36639064286
11.4675064359
